==============================================================================
PHASE-2 FEASIBILITY DIAGNOSTIC
  Evaluation-only; no Gurobi solve; no service times.
==============================================================================

Feasibility rates by W:
      W    n_em   undeliv  infeas_ins
     60   13440     0.474       0.736
     80   13440     0.084       0.545
     90   13440     0.018       0.483
    120   13440     0.000       0.344

Feasibility rates by W and size:
      W  size    n_em   undeliv  infeas_ins
     60    10    3360     0.376       0.796
     60    15    3360     0.412       0.725
     60    25    6720     0.555       0.711
     80    10    3360     0.060       0.646
     80    15    3360     0.069       0.542
     80    25    6720     0.103       0.497
     90    10    3360     0.010       0.597
     90    15    3360     0.014       0.486
     90    25    6720     0.024       0.424
    120    10    3360     0.000       0.468
    120    15    3360     0.000       0.356
    120    25    6720     0.000       0.276

Feasibility rates by W and class:
      W class    n_em   undeliv  infeas_ins
     60     C    4080     0.284       0.853
     60     R    5520     0.275       0.649
     60    RC    3840     0.963       0.736
     80     C    4080     0.042       0.736
     80     R    5520     0.000       0.435
     80    RC    3840     0.250       0.502
     90     C    4080     0.000       0.682
     90     R    5520     0.000       0.374
     90    RC    3840     0.062       0.427
    120     C    4080     0.000       0.558
    120     R    5520     0.000       0.252
    120    RC    3840     0.000       0.249

025-only travel scale for W calibration:
    class     n      mean       p50       p90    W=2*p90
        C   425     23.99     20.62     39.05      78.10
        R   575     24.92     26.25     33.54      67.08
       RC   400     37.73     38.08     45.04      90.09
   global  1400     28.30     30.53     40.05      80.10

Observed lambda=5, pi_S=2 reason split:
      W     size  inserted  out_infeas  out_econ out_total  infeas/out
     60  overall     0.236       0.736     0.029     0.764       0.962
     60       10     0.173       0.796     0.031     0.827       0.963
     60       15     0.256       0.725     0.019     0.744       0.974
     60       25     0.257       0.711     0.033     0.743       0.956
     80  overall     0.401       0.545     0.053     0.599       0.911
     80       10     0.302       0.646     0.053     0.698       0.925
     80       15     0.418       0.542     0.040     0.582       0.932
     80       25     0.443       0.497     0.060     0.557       0.892
     90  overall     0.454       0.483     0.063     0.546       0.885
     90       10     0.344       0.597     0.059     0.656       0.910
     90       15     0.465       0.486     0.049     0.535       0.909
     90       25     0.504       0.424     0.072     0.496       0.855
